MR:
-word2vec
results:
[0.83718689788053946, 0.81100917431192654, 0.81658986175115211, 0.81474654377880185, 0.81013824884792629, 0.81751152073732714, 0.81290322580645158, 0.80276497695852533, 0.80921658986175116, 0.81013824884792629]
mean: 0.814220528878
variance: 7.45822343996e-05

-rand
results:
[0.70139534883720933, 0.71612903225806446, 0.72073732718894012, 0.72350230414746541, 0.71612903225806446, 0.7290322580645161, 0.72442396313364055, 0.73087557603686637, 0.73640552995391706, 0.72165898617511526]
mean: 0.722028935805
variance: 8.39070745992e-05

SUBJ:
-word2vec
results:
[0.93128205128205133, 0.92511848341232228, 0.92504743833017078, 0.92694497153700195, 0.92599620493358636, 0.92979127134724859, 0.92884250474383301, 0.92694497153700195, 0.92789373814041742, 0.92694497153700195]
mean: 0.92748066068
variance: 3.63796942919e-06
-rand
results:
[0.87037037037037035, 0.8686964795432921, 0.87666034155597727, 0.87191650853889946, 0.86717267552182165, 0.86717267552182165, 0.86812144212523723, 0.86527514231499048, 0.86432637571157489, 0.87001897533206829]
mean: 0.868973098654
variance: 1.13355390534e-05

20_News_bi_ 1~16 & 17~20
-word2vec
results:
[0.93565127140633109, 0.94620901639344257, 0.93897435897435899, 0.94051282051282048, 0.94205128205128208, 0.94256410256410261, 0.93897435897435899, 0.94153846153846155, 0.93846153846153846, 0.94153846153846155]
mean: 0.940647567242
variance: 7.3519727267e-06

-rand
results:
[0.92669876939539864, 0.92473118279569888, 0.92153846153846153, 0.91538461538461535, 0.91948717948717951, 0.91487179487179482, 0.91692307692307695, 0.91743589743589737, 0.91641025641025642, 0.91897435897435897]
mean: 0.919245559322
variance: 1.41776182591e-05

20_News_bi_ 2~6 ^ 1, 7~20
-word2vec
results:
[0.92717889908256879, 0.91712403951701427, 0.92024202420242029, 0.92244224422442245, 0.92519251925192525, 0.92354235423542352, 0.91749174917491749, 0.91749174917491749, 0.91859185918591857, 0.92079207920792083]
mean: 0.921008951726
variance: 1.10354461593e-05

-rand
results:
[0.90711569799022274, 0.89218921892189218, 0.88998899889989003, 0.89328932893289326, 0.89273927392739272, 0.89383938393839379, 0.89548954895489552, 0.89163916391639164, 0.88778877887788776, 0.88998899889989003]
mean: 0.893406839326
variance: 2.52450177727e-05

20_news_all
-word2vec
results:
[0.81347708894878701, 0.81934493346980553, 0.8338461538461539, 0.82717948717948719, 0.8323076923076923, 0.8307692307692307, 0.83641025641025646, 0.82512820512820517, 0.83282051282051284, 0.83282051282051284]
mean: 0.82841040737
variance: 4.70670694479e-05

-rand
results:
[0.78205804749340369, 0.76434426229508201, 0.76205128205128203, 0.76769230769230767, 0.76820512820512821, 0.76717948717948714, 0.75179487179487181, 0.7630769230769231, 0.76358974358974363, 0.76256410256410256]
mean: 0.765255615594
variance: 5.0771610756e-05